34002001180314080000000014541533
34002001180314080000000014555359
34002001180314080000000014560857
34002001180314080000000014570841
34002001180314080000000014580132
34002001180314080000000014591770
34002001180314080000000014603602
34002001180314080000000014619718
34002001180314080000000014629280
34002001180314080000000014635205
34002001180314080000000014640349
34002001180314080000000014659056
34002001180314080000000014668766
34002001180314080000000014673723
34002001180314080000000014681545
34002001180314080000000014697419
34002001180314080000000014709128
34002001180314080000000014717742
34002001180314080000000014728956
